10
14 14
0
0
0
0
0
0
0
0
0
0
0
0
0
0
0
0
0
0
0
0
0
0
0
0
0
0
0
0
0
0
0
0
0
S 11 4 4 0 
0
0
0
0
0
0
0
0
0
0
0
0
0
0
0
0
0
0
0
H 2 5 4 1 
0
0
0
0
0
F 0 3 7 55 
0
0
0
0
0
0
0
0
0
0
0
0
0
0
F 1 3 7 35 
F 0 3 7 45 
F 0 3 7 42 
F 0 3 7 57 
0
0
0
0
g 8 0 0 0 
0
0
0
F 0 3 7 49 
0
F 1 3 7 30 
F 3 3 7 16 
F 1 3 7 38 
F 4 3 7 11 
F 0 3 7 46 
0
0
0
0
0
0
0
0
F 2 3 7 24 
0
0
F 2 3 7 22 
F 2 3 7 20 
F 2 3 7 19 
W 11 9 5 0 
0
0
0
0
0
0
F 5 3 7 8 
F 0 3 7 50 
F 3 3 7 13 
F 3 3 7 15 
F 4 3 7 10 
F 0 3 7 40 
F 0 3 7 41 
F 1 3 7 36 
0
0
0
0
0
0
0
F 2 3 7 25 
F 1 3 7 32 
F 0 3 7 47 
F 6 3 7 5 
F 5 3 7 6 
F 2 3 7 18 
0
F 0 3 7 44 
F 1 3 7 29 
0
0
0
0
F 0 3 7 51 
F 0 3 7 54 
F 1 3 7 34 
F 2 3 7 21 
F 4 3 7 9 
F 8 3 7 3 
F 1 3 7 28 
F 3 3 7 14 
F 1 3 7 33 
0
0
0
0
0
b 8 99 0 1 
F 1 3 7 27 
F 1 3 7 37 
F 2 3 7 23 
F 3 3 7 12 
F 9 3 7 2 
F 0 3 7 39 
F 0 3 7 52 
0
0
0
0
0
0
0
F 0 3 7 56 
F 0 3 7 48 
F 1 3 7 31 
F 0 3 7 53 
F 0 3 7 43 
0
0
F 5 3 7 7 
0
0
0
0
0
0
0
0
F 11 3 7 1 
F 1 3 7 26 
F 11 3 7 0 
0
F 2 3 7 17 
0
F 6 3 7 4 
0
0
