19
13 16
0
0
0
0
0
0
0
0
0
0
0
0
0
0
0
0
0
0
0
0
0
0
0
0
0
0
0
0
0
0
0
0
0
0
0
0
0
0
0
0
0
0
0
0
0
0
0
0
H 20 5 4 2 0 0 
0
0
0
S 20 4 4 1 
0
0
0
0
0
0
0
0
0
0
0
0
0
0
0
0
0
0
0
0
0
0
0
0
0
0
0
0
0
0
0
0
0
0
0
0
0
0
0
0
s 2 0 0 26 
s 1 0 0 37 
s 0 0 0 43 
s 1 0 0 39 
0
W 20 9 5 0 
0
0
0
0
0
0
0
0
s 9 0 0 15 
s 4 0 0 22 
s 2 0 0 28 
s 2 0 0 29 
s 1 0 0 35 
s 1 0 0 36 
0
0
0
0
0
0
0
s 1 0 0 32 
s 12 0 0 9 
s 11 0 0 11 
s 6 0 0 18 
s 5 0 0 20 
s 4 0 0 23 
s 0 0 0 41 
0
0
0
0
0
A 3 4 4 5 
0
0
s 14 0 0 7 
s 11 0 0 10 
s 9 0 0 14 
s 7 0 0 17 
s 5 0 0 21 
s 1 0 0 33 
0
0
0
0
0
0
0
A 3 4 4 4 
s 17 0 0 5 
s 15 0 0 6 
s 13 0 0 8 
s 10 0 0 12 
s 6 0 0 19 
s 2 0 0 27 
0
0
0
A 0 4 4 6 
0
0
s 1 0 0 31 
s 1 0 0 30 
s 18 0 0 3 
s 17 0 0 4 
s 9 0 0 13 
s 8 0 0 16 
s 1 0 0 34 
0
A 0 4 4 7 
0
0
A 4 4 4 3 
0
0
s 1 0 0 38 
s 3 0 0 24 
s 19 0 0 0 
p 19 0 0 2 
s 19 0 0 1 
0
0
A 20 4 4 0 
0
0
0
0
0
s 0 0 0 42 
s 3 0 0 25 
s 0 0 0 40 
0
0
0
0
0
0
0
0
0
0
0
0
0
0
0
0
0
