8
14 14
0
0
0
0
0
0
0
0
0
0
0
0
0
0
0
0
0
0
0
0
S 9 4 4 0 
0
0
0
0
0
0
0
0
0
0
0
0
0
0
0
0
0
0
0
0
0
0
0
0
0
0
0
0
0
0
0
0
0
0
0
0
0
0
0
0
0
0
0
0
0
0
H 1 5 4 1 
0
0
0
0
0
0
0
0
0
0
0
0
0
0
0
0
g 7 0 0 0 
0
0
0
0
0
T 7 2 1 0 
F 1 3 7 16 
0
0
0
0
0
0
0
0
0
0
0
0
F 0 3 7 24 
0
F 0 3 7 22 
0
F 2 3 7 11 
W 9 9 5 0 
0
0
0
0
0
0
0
F 3 3 7 8 
F 0 3 7 25 
F 1 3 7 13 
F 2 3 7 10 
F 0 3 7 19 
F 0 3 7 20 
0
0
0
0
0
0
0
0
0
0
F 1 3 7 15 
F 4 3 7 5 
F 3 3 7 6 
F 0 3 7 18 
0
0
0
0
0
0
0
0
0
0
F 0 3 7 21 
F 2 3 7 9 
F 6 3 7 3 
0
F 1 3 7 14 
0
0
0
0
0
0
b 7 99 0 1 
0
0
F 0 3 7 23 
F 1 3 7 12 
F 7 3 7 2 
F 0 3 7 17 
F 3 3 7 7 
0
0
0
0
0
0
0
0
F 9 3 7 1 
0
0
F 9 3 7 0 
0
F 4 3 7 4 
0
0
0
0
0
0
0
0
0
0
0
0
0
0
0
0
